[LEFT_CAM_2K]
fx=1068.96
fy=1068.84
cx=1092.25
cy=637.871
k1=-0.0477018
k2=0.020633
p1=0.000426892
p2=0.000128586
k3=-0.00861919

[RIGHT_CAM_2K]
fx=1065.62
fy=1065.5
cx=1097.21
cy=630.855
k1=-0.0466674
k2=0.0216644
p1=-0.000218827
p2=9.9782e-05
k3=-0.009193

[LEFT_CAM_FHD]
fx=1068.96
fy=1068.84
cx=948.25
cy=556.871
k1=-0.0477018
k2=0.020633
p1=0.000426892
p2=0.000128586
k3=-0.00861919

[RIGHT_CAM_FHD]
fx=1065.62
fy=1065.5
cx=953.21
cy=549.855
k1=-0.0466674
k2=0.0216644
p1=-0.000218827
p2=9.9782e-05
k3=-0.009193

[LEFT_CAM_HD]
fx=534.48
fy=534.42
cx=632.625
cy=366.9355
k1=-0.0477018
k2=0.020633
p1=0.000426892
p2=0.000128586
k3=-0.00861919

[RIGHT_CAM_HD]
fx=532.81
fy=532.75
cx=635.105
cy=363.4275
k1=-0.0466674
k2=0.0216644
p1=-0.000218827
p2=9.9782e-05
k3=-0.009193

[LEFT_CAM_VGA]
fx=267.24
fy=267.21
cx=331.8125
cy=190.96775
k1=-0.0477018
k2=0.020633
p1=0.000426892
p2=0.000128586
k3=-0.00861919

[RIGHT_CAM_VGA]
fx=266.405
fy=266.375
cx=333.0525
cy=189.21375
k1=-0.0466674
k2=0.0216644
p1=-0.000218827
p2=9.9782e-05
k3=-0.009193

[LEFT_DISTO]
k1=-1.24186
k2=2.4361
k3=0.11108
k4=-1.15141
k5=2.28892
k6=0.269398
p1=0.00041787
p2=0.000253109

[RIGHT_DISTO]
k1=-1.246
k2=2.61056
k3=0.0769206
k4=-1.15652
k5=2.46565
k6=0.236333
p1=-0.000188853
p2=-8.61499e-05

[STEREO]
Baseline=119.789
TY=-0.144248
TZ=0.426652
CV_2K=0.00332018
CV_FHD=0.00332018
CV_HD=0.00332018
CV_VGA=0.00332018
RX_2K=-0.00288821
RX_FHD=-0.00288821
RX_HD=-0.00288821
RX_VGA=-0.00288821
RZ_2K=0.00407633
RZ_FHD=0.00407633
RZ_HD=0.00407633
RZ_VGA=0.00407633

[MISC]
Sensor_ID=0


